25 37 3
4 20 -1
12 22 -2
30 39 -1
10 18 -2
2 48 1
33 34 -1
24 35 2
13 43 -1
21 45 0
19 35 3
41 45 -1
19 49 1
17 49 -2
24 39 1
11 26 -2
8 29 0
39 47 -1
18 45 0
9 33 2
1 28 -1
3 33 2
11 15 1
20 27 0
34 40 -2
5 9 0
36 39 -1
17 28 -1
0 20 -2
21 47 0
6 8 0
3 48 1
10 42 -1
27 29 2
34 45 -1
7 39 0
6 37 3
13 20 -1
6 42 -3
19 42 -3
14 40 -2
10 25 -2
14 20 0
6 46 -2
16 27 -2
7 41 -1
9 46 -2
0 4 0
19 39 1
8 13 1
28 31 3
12 21 -1
24 47 -2
8 14 0
13 38 -1
45 49 -1
8 37 3
26 29 0
23 35 3
3 39 2
14 38 -1
18 31 3
9 35 2
13 49 -2
23 45 2
40 42 0
16 17 1
26 49 -2
17 44 -3
3 38 1
30 40 -3
4 47 0
11 16 0
5 27 -1
0 19 -1
4 9 1
27 32 3
1 34 2
28 37 3
22 30 2
20 45 0
2 47 -1
10 48 1
7 11 -1
9 18 -3
14 22 -1
43 46 0
21 27 -1
7 15 0
10 40 0
11 47 -1
24 38 -2
18 25 0
11 32 2
12 45 -1
20 21 0
29 49 -1
37 46 -3
8 49 -1
5 31 3
3 32 3
7 8 -1
1 10 1
44 49 0
3 29 1
31 42 -3
11 44 -2
0 45 0
23 43 0
10 43 -1
27 35 3
11 20 -1
2 37 3
15 42 -2
6 20 -1
30 49 -3
10 31 2
0 1 -1
12 42 -2
0 8 0
3 37 3
16 23 -3
3 7 2
3 43 -1
6 9 2
1 11 1
12 32 2
28 29 0
1 33 3
29 36 3
10 33 3
14 35 3
11 29 -2
33 38 -3
7 10 -2
4 24 1
3 11 2
11 12 0
12 46 -3
9 43 -2
32 48 -3
0 7 1
5 49 -2
3 28 0
41 42 -2
28 30 3
14 46 -2
44 46 0
30 43 -3
0 15 1
5 47 -1
4 22 0
7 35 3
5 7 2
0 23 -2
29 33 3
27 45 1
17 29 -3
14 45 0
26 37 3
24 26 1
23 32 3
10 15 2
12 23 -3
25 32 3
14 23 -1
12 36 2
3 26 0
1 15 2
2 26 0
35 40 -3
45 48 1
10 20 -1
13 17 2
16 18 -2
6 17 2
8 10 1
26 41 1
4 5 0
18 39 2
19 26 1
24 29 -1
5 38 -1
8 26 1
27 30 2
30 48 -3
16 45 -2
15 49 -2
28 33 3
16 34 -1
2 31 3
11 23 -2
15 41 0
4 11 1
3 46 -1
1 49 -1
10 49 -1
13 16 2
3 40 -3
16 24 -3
23 40 0
30 35 1
34 42 -3
14 24 0
2 12 1
7 22 -1
13 34 1
42 47 1
3 45 0
2 24 0
27 33 3
7 21 -1
0 49 -2
5 24 1
0 3 0
29 39 3
27 39 3
9 28 -2
0 35 3
26 42 -2
22 23 -1
19 38 0
17 48 -2
3 21 0
26 32 3
32 43 -3
21 25 -1
3 4 0
2 22 0
41 46 -3
20 33 3
10 13 2
28 45 -1
9 14 0
7 38 -1
25 26 2
17 38 -2
9 42 -2
9 32 2
12 18 -2
17 34 -1
7 13 1
46 49 0
35 46 -3
16 21 -2
3 24 0
10 36 2
25 29 1
2 21 0
23 48 3
