1 10 -3
8 42 1
33 47 0
10 14 -1
12 31 2
34 36 1
1 47 0
20 30 2
8 19 1
1 38 -2
16 23 2
19 45 1
29 48 3
16 33 3
10 28 3
37 47 -1
13 31 1
15 33 2
13 38 -2
7 16 0
6 26 3
16 49 1
19 24 0
1 14 -3
3 29 -1
1 32 1
13 45 1
4 8 2
36 40 2
15 37 3
21 26 2
13 41 2
22 27 -1
0 24 2
19 44 -1
11 44 2
9 12 1
40 42 1
8 43 2
35 41 0
28 43 1
7 32 2
15 41 3
27 41 2
5 25 -2
26 28 -1
11 30 2
9 38 -1
6 48 3
39 41 -2
14 48 3
36 39 2
0 20 -1
9 19 2
0 2 1
10 42 2
3 14 -2
22 43 2
36 45 2
6 19 2
5 24 -1
19 31 -2
24 26 2
3 15 -2
30 49 -2
18 20 -1
22 28 2
2 41 1
29 38 -2
15 26 3
11 43 3
12 27 -2
27 38 -1
25 45 2
20 36 1
3 26 2
9 26 3
0 1 0
17 26 3
1 4 2
15 42 1
30 32 -2
19 23 -2
2 13 -1
20 43 2
33 42 -2
31 42 0
23 31 -1
10 39 2
20 35 2
43 49 -2
33 41 0
6 40 2
3 6 -2
25 46 1
3 17 0
19 39 0
17 43 2
13 21 -1
17 41 1
12 43 2
35 45 1
5 21 -3
31 33 3
0 12 -2
38 40 0
0 30 2
16 48 3
27 49 0
14 26 3
18 41 1
13 26 2
3 13 -1
34 48 3
30 35 0
16 40 0
0 19 2
12 34 -1
33 34 -2
4 9 1
19 48 0
45 49 -2
12 14 -2
6 49 -1
18 27 -1
25 27 1
5 48 0
10 11 -1
3 45 1
7 43 2
25 31 0
10 49 0
9 49 -2
17 25 -1
40 45 1
22 45 1
0 45 0
16 29 0
21 36 0
18 43 2
9 15 1
0 38 -1
4 15 -1
25 44 2
16 19 2
9 44 -2
6 41 1
9 29 -2
25 43 2
41 43 1
8 15 -2
12 33 3
12 39 2
5 23 -2
11 37 3
13 32 1
16 34 0
2 12 -1
10 19 3
3 11 0
8 38 -2
36 42 2
3 34 -1
12 48 3
23 39 2
8 49 -2
20 22 0
9 22 -3
31 41 0
33 40 -2
28 35 0
25 35 2
4 46 -1
7 44 1
6 8 2
28 44 -2
25 42 2
8 26 0
46 49 -1
14 15 0
34 39 3
15 19 3
8 27 -2
9 20 -3
24 32 -2
1 45 -1
15 43 0
24 37 0
32 35 2
11 45 1
7 10 0
7 19 3
9 47 -2
26 31 -3
17 18 -2
0 29 0
44 46 -1
21 24 2
21 30 2
42 48 2
7 42 0
5 17 -3
21 46 -1
0 13 -1
6 23 1
18 29 0
28 46 -2
23 35 2
40 48 2
2 10 -1
17 37 2
20 47 1
28 42 -2
19 35 -1
8 46 -2
23 32 0
22 46 0
7 25 0
5 16 -3
3 47 0
43 48 2
17 40 -2
32 41 1
39 43 -2
30 31 -2
12 20 -1
12 22 0
12 30 2
36 38 0
6 7 1
0 17 -2
7 24 2
3 20 -1
12 29 1
11 23 2
46 48 3
15 17 2
11 14 -1
5 47 -2
3 39 2
37 46 -2
12 47 -2
13 44 -1
6 14 0
4 45 0
16 20 0
5 9 -2
8 28 0
10 36 -2
21 22 0
15 30 2
11 29 -1
42 49 -1
7 12 -1
19 32 -2
10 30 2
3 42 1
7 9 2
16 38 -1
17 22 -1
6 20 -1
9 34 -2
0 14 -2
25 41 1
26 49 -3
6 17 -1
3 24 1
15 29 2
26 35 -1
0 42 0
2 22 -1
2 49 -2
13 19 2
4 40 -1
12 17 2
6 16 -1
44 47 1
19 38 -3
3 23 -1
11 32 -1
4 14 -2
