15 26 0
23 41 0
10 36 -1
12 44 1
12 28 -2
37 46 -1
21 40 -1
23 47 2
24 25 -1
4 11 1
18 42 -2
0 16 1
30 45 3
2 7 1
14 17 -3
2 13 1
20 44 -1
4 16 -2
17 22 -3
33 48 0
5 9 2
25 39 1
12 33 1
4 30 -1
12 40 -1
1 37 3
10 32 -2
3 9 1
7 15 1
1 22 -1
5 18 1
28 47 2
36 49 1
21 28 -1
28 45 3
29 44 1
4 10 3
0 23 -1
30 34 1
3 8 -1
9 44 2
2 17 3
15 31 1
15 17 3
26 49 2
34 39 -1
4 5 2
4 44 1
23 24 1
11 17 3
13 25 -1
22 33 1
36 42 1
14 35 -2
19 26 1
24 43 1
5 37 1
16 27 3
23 45 3
9 13 -2
20 39 -3
0 7 1
12 25 -2
15 18 3
20 43 -1
31 49 1
20 38 -3
29 47 2
25 43 2
1 2 -1
10 14 2
28 33 1
13 18 3
1 42 0
10 45 3
9 25 -3
0 36 0
22 38 -1
6 38 -3
0 22 -1
2 37 3
14 31 -3
31 46 1
20 48 1
29 37 -1
12 39 -3
18 44 -1
20 47 1
2 9 2
0 26 1
6 43 -1
6 20 1
8 37 3
23 30 -3
8 16 1
34 37 3
0 38 -3
30 46 2
7 47 1
8 48 3
1 19 3
0 9 2
31 42 1
1 36 1
13 29 3
19 32 -3
17 27 -1
3 20 2
37 43 -1
21 27 1
23 48 3
32 46 1
5 40 -1
21 22 1
3 41 2
17 24 -3
42 46 2
13 36 1
23 26 1
7 22 -2
0 24 1
38 46 2
14 38 -3
14 36 -1
19 40 -3
25 26 1
12 21 -1
9 27 -1
4 33 -1
8 32 -1
22 45 3
10 24 -1
10 16 0
35 44 1
39 48 1
18 31 -3
22 40 -1
3 17 3
17 35 -3
18 27 -1
12 35 -1
24 26 -1
7 36 -1
40 43 -1
5 47 2
11 42 1
2 23 -1
25 34 0
0 35 -1
33 46 1
0 18 3
10 31 -2
11 39 -2
9 42 -2
0 20 -1
43 48 2
5 49 -1
2 28 -1
19 24 -3
21 35 1
5 39 -2
19 48 -3
9 48 2
38 40 1
17 49 0
0 17 3
5 13 -1
0 5 1
22 25 -3
13 23 0
25 33 0
28 29 3
22 41 1
0 11 0
10 47 1
3 43 2
18 19 -3
4 38 -1
