25 37 -1
16 43 1
3 9 -2
6 22 1
20 22 -1
5 15 1
20 47 -1
8 36 -2
3 48 -2
28 39 -1
22 29 1
21 42 -1
19 49 -1
1 31 -1
5 42 2
5 37 1
0 18 1
15 34 1
1 16 -1
32 35 0
1 17 1
48 49 0
9 27 1
10 16 -1
38 42 1
18 24 1
19 33 1
0 28 -1
3 8 -1
27 30 1
43 49 -1
43 44 -1
14 21 1
6 46 1
22 27 -1
5 24 2
19 27 0
42 45 -1
1 45 1
3 13 -1
14 17 1
20 46 1
1 8 1
1 12 -1
20 35 -1
0 1 -1
28 41 1
9 28 1
6 8 1
11 45 2
25 33 -1
9 46 2
28 35 -1
7 49 -2
3 20 -1
34 43 1
9 42 2
4 43 -1
15 16 -1
27 40 2
26 43 -1
2 49 -1
37 38 -1
24 49 -2
19 25 1
14 40 1
30 37 -1
7 24 1
19 26 1
1 47 1
22 40 -1
3 28 -1
34 41 1
27 44 1
3 22 -1
13 31 -1
22 37 -2
8 44 -1
11 36 -1
10 42 1
5 13 -1
30 31 0
6 31 -1
11 15 0
27 34 1
32 38 0
12 38 0
0 30 -1
18 30 -1
13 42 1
14 18 1
33 45 1
12 28 0
1 34 0
0 27 -2
20 33 -1
24 28 -1
33 36 0
2 46 1
16 37 0
5 28 0
23 47 -1
27 43 1
11 22 1
20 49 -2
4 7 1
27 49 0
33 40 1
17 26 1
18 25 1
20 44 -2
23 42 1
20 34 -1
7 10 -2
1 46 1
7 48 -2
24 31 -2
23 40 1
0 5 -1
44 47 1
32 42 2
6 20 1
20 41 -1
29 38 -1
17 30 -1
40 47 -1
28 31 -1
23 49 -1
7 28 -1
2 36 -1
0 43 -1
10 33 1
26 44 -2
2 31 -1
9 20 1
20 24 1
39 48 -1
21 28 -1
11 35 0
2 14 -2
17 42 1
4 24 1
24 43 -1
15 42 1
31 39 1
16 42 2
2 42 1
9 40 1
12 21 1
19 21 1
4 31 -2
1 21 2
17 31 0
5 22 1
12 47 1
31 35 0
22 44 -1
36 47 0
21 45 1
16 44 -1
15 35 0
13 22 2
14 38 -1
2 47 -1
15 40 1
13 38 -1
13 19 0
29 48 -1
8 16 -1
0 10 -1
10 36 -1
18 39 -1
0 41 -1
33 43 0
14 45 1
21 33 -1
3 26 -1
7 13 -1
1 28 0
33 37 -1
39 49 -1
17 20 1
12 32 0
12 49 0
17 23 1
14 48 1
21 26 -1
4 14 -1
44 49 1
37 43 1
22 38 -1
15 33 1
8 23 -1
8 43 -1
17 18 1
20 23 -1
19 30 -1
43 45 1
0 46 -1
31 37 0
1 40 1
22 43 -1
9 26 1
14 23 1
33 42 1
18 29 -1
15 22 1
37 45 1
30 33 1
11 46 1
5 34 1
21 36 -1
28 42 1
20 40 1
31 40 1
20 37 -1
19 37 -1
12 34 1
11 48 1
16 34 1
41 44 -1
15 32 -1
34 35 -1
36 43 1
25 36 -1
26 48 -1
17 47 0
42 44 -1
4 30 -1
16 40 1
7 26 1
32 44 0
25 43 -1
15 48 -1
34 36 -1
22 36 -1
7 22 -1
22 42 1
9 21 1
14 49 1
1 20 1
17 46 1
37 46 1
7 43 -1
33 35 -1
7 34 -1
18 42 -1
9 12 0
9 36 -1
8 13 -1
15 38 -1
47 49 0
15 17 -1
18 36 -1
15 18 1
3 34 -1
7 46 -1
35 40 1
16 33 1
37 49 1
22 47 -1
10 22 1
4 25 -1
1 4 1
17 34 1
45 49 -1
35 36 -1
27 28 1
16 32 -1
11 49 1
0 2 -1
12 33 -1
12 16 0
25 48 -1
5 49 1
1 11 -1
11 24 1
10 26 1
5 27 0
31 33 0
36 39 1
24 30 -1
10 43 -1
5 20 1
28 44 -1
5 41 1
2 11 -1
28 37 -1
42 48 -1
3 49 -1
12 43 1
7 25 -1
17 44 -1
6 36 -1
31 44 0
22 46 -1
10 25 1
8 29 1
6 33 -1
24 27 -2
21 31 -2
6 37 -3
22 33 -2
