13 33 2
41 47 -2
3 24 -2
18 44 -1
6 38 -3
25 40 1
21 36 3
0 43 2
14 20 -3
13 48 2
19 20 2
36 41 1
5 19 -3
36 49 -2
0 24 -1
24 33 3
2 49 -3
25 31 2
11 32 -2
23 45 3
17 46 -3
3 38 -3
8 25 -1
5 46 -3
9 18 -2
19 41 3
20 35 2
28 39 3
5 41 -1
23 36 3
19 49 2
4 40 -2
1 33 3
19 30 3
5 14 -1
10 41 2
25 26 1
0 11 -1
13 18 -2
34 37 2
14 29 -1
13 29 2
13 36 2
7 17 -2
10 42 3
8 26 1
34 42 3
18 23 0
23 39 3
15 49 -2
15 19 -3
0 17 -2
38 41 3
6 42 3
5 34 -2
15 24 -3
35 36 -1
1 16 -1
3 43 -1
0 21 -2
21 43 2
14 39 -1
3 9 -1
15 39 1
23 40 1
11 21 -2
13 24 -3
17 40 -1
8 28 0
2 42 2
16 24 -1
18 21 -1
3 45 1
1 13 2
1 5 3
35 48 -3
40 48 2
8 47 2
1 41 3
5 39 -2
29 47 -2
19 29 3
18 43 1
30 32 -2
15 30 -3
33 41 -1
3 6 1
33 45 -2
35 44 -3
8 48 1
2 40 -2
34 40 -3
2 7 1
25 42 3
22 23 -3
31 42 2
13 45 1
3 32 -2
10 48 -2
43 46 -2
8 13 2
22 42 3
15 34 2
20 23 -2
21 32 1
11 40 -2
27 37 3
7 21 -2
1 48 -1
15 40 -3
14 37 -1
11 42 3
1 26 -1
2 33 3
19 32 1
19 34 3
8 10 3
4 13 -3
36 44 -3
26 46 -3
4 36 -1
38 46 -3
7 11 -2
0 42 3
27 42 3
24 45 3
14 25 -3
43 45 3
1 23 -1
4 18 -3
7 44 -3
2 16 -2
31 45 2
8 11 2
31 38 -1
38 39 3
1 29 2
20 36 2
0 6 3
10 27 -3
5 29 -2
34 39 1
0 29 2
8 34 3
6 22 -1
2 13 2
27 34 3
12 36 2
4 38 -3
25 34 3
21 45 3
5 24 -3
4 37 -2
5 40 -3
18 19 -1
17 38 1
27 44 -2
9 15 1
32 42 3
5 26 -3
1 14 2
6 44 -3
7 45 1
6 43 -2
14 18 -3
32 37 3
22 34 2
22 44 -3
39 40 -2
9 37 2
8 38 2
16 41 3
2 39 2
4 26 -3
24 29 3
11 23 -2
7 32 -3
28 36 3
15 35 1
18 48 1
5 45 -1
4 7 -2
0 12 1
47 49 0
29 48 -3
24 38 2
17 33 3
4 22 -3
10 34 1
44 49 2
12 39 2
10 12 -3
0 5 3
10 45 3
12 25 -1
9 13 1
2 32 -2
0 25 0
10 49 -2
1 38 -1
1 8 -2
3 35 2
19 33 3
11 18 -2
14 47 -3
20 32 -2
13 15 3
12 16 -1
3 20 -1
28 45 3
12 37 2
11 36 2
3 48 -2
29 44 -3
9 16 -2
6 37 2
6 36 2
40 42 3
31 34 2
11 33 3
26 36 2
13 14 2
7 33 1
27 30 1
16 29 3
4 5 1
31 35 2
11 41 3
7 23 -3
12 43 -1
26 47 0
19 40 2
33 40 -3
22 30 -1
0 27 1
16 45 3
0 28 -2
12 22 1
1 19 -3
34 48 -3
0 13 2
25 47 -1
27 38 1
9 11 1
13 21 -2
21 27 2
25 38 2
31 49 -2
22 33 3
30 35 2
29 31 -2
34 45 3
1 49 -2
4 28 -3
20 30 -1
0 34 3
35 42 1
0 44 -2
37 49 -3
18 45 3
13 35 1
30 41 3
45 46 -3
22 32 -3
15 26 -3
7 27 -2
19 24 1
13 17 -2
11 27 -2
8 33 3
13 32 -3
0 15 3
11 48 -2
17 29 2
24 43 2
7 28 -3
2 12 -1
6 24 -2
6 32 -1
12 49 -1
42 46 -3
3 4 3
37 46 -3
29 34 -1
20 33 3
41 48 -3
32 49 -1
13 20 -2
10 29 1
13 43 -2
7 37 2
11 49 -2
23 24 -3
0 22 1
3 36 2
29 39 1
16 38 2
20 24 -3
35 38 -2
24 44 -1
14 38 -3
33 38 -3
16 23 1
5 32 -3
26 38 1
13 19 -3
12 28 -2
23 33 3
31 40 -2
2 41 3
12 40 -1
10 28 -2
21 25 1
32 45 3
1 45 3
29 30 -2
1 12 -1
14 28 -3
0 19 -2
1 37 3
1 43 -1
17 24 -1
32 46 -1
15 38 -2
0 41 3
36 38 -3
4 23 -3
20 22 -1
2 20 1
12 38 1
12 33 3
3 37 2
10 31 -2
7 14 2
3 42 2
28 29 2
5 16 -3
21 42 3
21 35 3
31 48 -2
13 41 2
39 42 1
26 39 1
5 42 1
38 48 -2
14 41 1
22 31 1
3 5 3
22 49 -2
12 34 2
