7 33 0
22 48 -1
4 32 -1
48 49 -1
19 40 -2
29 41 -2
3 28 0
25 44 3
33 35 1
20 34 -3
6 32 -1
9 49 1
15 48 1
12 44 3
5 30 1
9 40 0
12 36 2
4 29 1
41 48 2
0 24 2
1 29 2
3 14 0
35 48 1
2 19 -1
6 27 1
21 43 -1
0 10 -2
32 36 2
10 47 2
14 37 -2
9 37 0
11 30 1
40 45 2
34 37 2
32 44 2
28 48 2
19 49 -1
4 37 1
7 49 -1
4 41 -1
27 28 -1
39 45 2
19 39 -2
0 31 -1
21 32 -1
1 16 -2
33 48 3
6 21 2
12 22 1
25 32 2
1 3 -1
6 40 -2
0 15 0
11 16 -1
32 40 -1
21 39 -3
10 34 0
41 45 2
44 49 -2
21 29 -1
24 26 1
2 45 2
6 38 -2
25 28 2
29 33 -2
9 39 -1
1 42 1
20 36 1
8 24 2
9 46 -1
32 41 -1
39 47 3
6 16 -3
7 47 2
23 48 3
11 42 1
24 36 1
10 37 1
39 41 1
39 49 1
34 42 1
27 39 -2
17 31 0
13 32 1
18 47 1
42 43 1
0 16 -2
21 35 -1
15 42 1
4 44 2
35 41 -1
37 48 3
7 38 -2
21 41 -1
31 37 1
9 22 1
0 27 2
12 25 -1
5 20 1
29 43 1
4 48 2
12 29 2
22 40 0
5 33 -1
17 37 1
2 38 -2
30 35 2
11 34 -1
40 47 3
35 36 1
35 45 1
46 49 1
5 17 -1
2 17 -2
28 35 1
2 3 -1
9 34 -1
11 36 2
0 49 1
33 42 1
5 14 1
26 46 -2
26 35 1
22 47 2
22 32 -1
26 27 1
1 14 1
3 22 1
37 42 1
7 26 1
5 48 2
31 42 1
1 21 1
42 44 2
1 19 -1
8 14 1
17 36 2
24 29 1
31 32 1
27 42 -1
17 25 -1
1 20 2
26 39 -2
9 25 1
1 43 1
32 45 1
14 33 -1
34 48 3
25 36 2
21 48 1
18 46 -1
23 49 1
20 43 1
26 38 -3
20 24 1
17 22 1
22 24 1
29 30 -2
12 31 -1
10 49 1
7 14 1
21 33 -2
10 44 3
40 43 1
3 26 1
25 30 -1
3 24 1
18 24 1
41 44 2
12 43 2
21 45 -1
14 21 1
27 35 1
4 5 -1
11 37 0
33 37 1
10 23 0
7 39 -1
46 48 3
3 23 -1
0 14 1
28 38 -2
4 39 -1
6 15 1
37 44 2
27 44 1
11 39 0
20 45 1
20 41 -1
5 45 2
15 29 1
9 28 1
21 23 -2
6 7 1
1 28 1
2 6 -1
10 31 0
0 2 1
12 41 1
15 25 0
18 45 1
19 43 1
4 31 -1
13 28 1
1 37 -1
38 49 2
9 12 1
8 10 -1
9 24 2
18 21 1
1 13 -2
36 41 -1
29 35 0
2 15 -1
31 46 0
11 15 0
16 24 2
15 24 1
2 20 1
13 39 0
4 36 2
7 18 1
11 12 -1
23 30 1
18 37 -2
8 17 -1
34 46 1
0 17 -1
21 36 1
6 49 1
17 27 1
34 44 3
3 38 -2
15 41 1
28 46 -1
36 43 0
47 48 1
6 19 1
0 46 -1
19 42 1
20 38 -2
13 47 3
3 42 1
22 34 -2
36 37 -2
14 42 -1
8 15 -1
25 46 0
17 32 1
11 26 1
