26 45 1
26 32 2
5 34 3
10 44 -1
20 29 2
8 27 -2
3 8 -2
5 13 -1
11 35 2
5 27 0
2 30 0
3 16 -1
1 47 -1
22 35 -1
14 48 1
7 14 0
27 49 1
3 25 1
26 37 2
11 16 0
22 23 -1
17 34 3
8 15 2
4 39 2
10 34 3
11 17 3
10 40 -2
9 44 -2
24 48 -1
13 25 1
22 32 1
16 20 3
5 6 2
3 7 2
23 32 1
13 14 -1
17 18 2
13 44 -2
22 44 -2
12 46 -2
5 11 -1
22 30 -2
18 39 2
5 10 -2
14 23 1
30 39 2
0 20 -2
16 17 3
28 32 2
18 47 -2
14 30 1
11 43 -2
1 11 0
16 30 2
10 20 2
34 44 -3
21 42 -2
33 39 0
32 49 -2
5 48 -2
12 31 1
3 5 -1
7 41 -2
1 46 -2
0 15 2
13 18 1
0 32 2
44 47 0
10 17 2
29 36 -2
20 39 2
30 40 -3
2 6 2
32 44 -3
7 42 -3
17 39 -1
25 26 -1
32 36 0
9 34 3
16 49 -1
33 34 1
19 21 -3
41 43 0
3 18 1
7 24 -1
6 19 -1
27 33 3
36 40 -3
43 49 2
23 31 1
9 10 0
9 39 3
17 36 1
14 38 3
7 26 -1
28 30 1
14 40 -3
6 49 -2
25 31 1
25 30 1
7 40 -3
13 15 2
24 38 3
15 48 -2
2 42 -3
3 49 -2
47 49 -1
21 29 2
14 32 2
7 17 2
11 14 0
15 45 -2
23 40 -3
3 29 2
23 27 -2
15 29 1
29 46 -3
6 20 -1
10 28 -1
3 31 0
10 48 -1
8 16 -1
37 49 -1
27 39 3
1 19 1
37 47 -2
11 23 1
16 26 1
8 10 2
17 26 -2
28 45 -1
3 33 2
31 44 -3
13 31 2
20 36 1
12 36 1
42 49 2
23 36 2
1 43 -2
24 42 -3
19 40 -3
29 32 0
24 28 -1
0 17 3
13 19 1
26 38 3
12 48 -1
38 45 -3
1 26 1
2 46 -2
12 22 0
17 19 -2
8 45 -1
24 46 -3
1 10 -1
12 23 -1
0 11 -1
18 27 -2
14 16 -1
25 44 -2
5 20 0
14 17 3
38 49 -3
10 16 -2
16 23 2
14 28 -1
20 24 1
7 25 0
5 24 1
9 30 1
12 16 -2
21 31 1
0 26 0
19 49 -2
1 13 1
13 24 1
9 41 -1
2 48 -1
27 31 2
5 29 3
34 36 -2
29 33 -1
25 36 -1
30 45 -1
7 38 2
9 24 1
36 38 3
5 33 2
46 48 2
1 44 -1
22 38 3
31 38 3
7 35 1
22 28 -1
8 22 1
12 20 0
16 25 2
5 32 1
5 26 1
23 43 -2
14 34 3
